0 -1
basement
st 1000 -80 80 4
t 1400 -60 50 50
t -100 -70 170 8
t 330 140 10 10
t 330 140 10 10
t 410 140 10 10
t 490 140 10 10
t 570 140 10 10
t 650 140 10 10
t 730 140 10 10
t 810 140 10 10
t 890 140 10 10
t 970 140 10 10
t 1050 140 10 10
t 1130 140 10 10
t 1210 140 10 10
t 1290 140 10 10
t 1370 140 10 10
t 300 700 20 20
t 600 700 20 20
t 900 700 20 20
t 1200 700 20 20
t 1500 700 20 20
st 1760 -60 20 1400
t 0 930 1800 100
QB
tilechange 4
ttc 250 140 5 130 0 1
ttc 80 0 5 180 0 1
ttc 0 0 5 180 0 1