176 0 0  176 0 0  176 0 0  176 0 0  176 0 0  176 0 0  176 0 0  176 0 0  176 0 0  176 0 0  176 0 0  176 0 0  176 0 0  176 0 0  176 0 0  
176 0 0  255 88 88  255 88 88  255 88 88  255 88 88  255 88 88  255 109 109  193 0 0  255 109 109  255 88 88  255 88 88  255 88 88  255 88 88  255 88 88  176 0 0  
176 0 0  255 88 88  255 88 88  255 88 88  255 88 88  255 88 88  255 109 109  193 0 0  255 109 109  255 88 88  255 88 88  255 88 88  255 88 88  255 88 88  176 0 0  
176 0 0  255 88 88  255 88 88  255 88 88  255 88 88  255 88 88  255 109 109  193 0 0  255 109 109  255 88 88  255 88 88  255 88 88  255 88 88  255 88 88  176 0 0  
176 0 0  255 88 88  255 88 88  255 88 88  255 88 88  255 88 88  255 109 109  193 0 0  255 109 109  255 88 88  255 88 88  255 88 88  255 88 88  255 88 88  176 0 0  
176 0 0  255 88 88  255 88 88  255 88 88  255 88 88  255 88 88  255 109 109  193 0 0  255 109 109  255 88 88  255 88 88  255 88 88  255 88 88  255 88 88  176 0 0  
176 0 0  255 109 109  255 109 109  255 109 109  255 109 109  255 109 109  255 109 109  193 0 0  255 109 109  255 109 109  255 109 109  255 109 109  255 109 109  255 109 109  176 0 0  
176 0 0  193 0 0  193 0 0  193 0 0  193 0 0  193 0 0  193 0 0  193 0 0  193 0 0  193 0 0  193 0 0  193 0 0  193 0 0  193 0 0  176 0 0  
176 0 0  255 109 109  255 109 109  255 109 109  255 109 109  255 109 109  255 109 109  193 0 0  255 109 109  255 109 109  255 109 109  255 109 109  255 109 109  255 109 109  176 0 0  
176 0 0  255 88 88  255 88 88  255 88 88  255 88 88  255 88 88  255 109 109  193 0 0  255 109 109  255 88 88  255 88 88  255 88 88  255 88 88  255 88 88  176 0 0  
176 0 0  255 88 88  255 88 88  255 88 88  255 88 88  255 88 88  255 109 109  193 0 0  255 109 109  255 88 88  255 88 88  255 88 88  255 88 88  255 88 88  176 0 0  
176 0 0  255 88 88  255 88 88  255 88 88  255 88 88  255 88 88  255 109 109  193 0 0  255 109 109  255 88 88  255 88 88  255 88 88  255 88 88  255 88 88  176 0 0  
176 0 0  255 88 88  255 88 88  255 88 88  255 88 88  255 88 88  255 109 109  193 0 0  255 109 109  255 88 88  255 88 88  255 88 88  255 88 88  255 88 88  176 0 0  
176 0 0  255 88 88  255 88 88  255 88 88  255 88 88  255 88 88  255 109 109  193 0 0  255 109 109  255 88 88  255 88 88  255 88 88  255 88 88  255 88 88  176 0 0  
176 0 0  176 0 0  176 0 0  176 0 0  176 0 0  176 0 0  176 0 0  176 0 0  176 0 0  176 0 0  176 0 0  176 0 0  176 0 0  176 0 0  176 0 0  
