144 160 170  144 160 170  144 160 170  144 160 170  144 160 170  144 160 170  144 160 170  144 160 170  144 160 170  
144 160 170  75 56 76  187 197 146  187 197 146  224 60 49  187 197 146  187 197 146  240 100 140  144 160 170  
144 160 170  75 56 76  187 197 146  224 60 49  187 197 146  187 197 146  187 197 146  240 100 140  144 160 170  
144 160 170  75 56 76  187 197 146  224 60 49  187 197 146  187 197 146  240 100 140  187 197 146  144 160 170  
144 160 170  187 197 146  75 56 76  224 60 49  187 197 146  240 100 140  187 197 146  187 197 146  144 160 170  
144 160 170  187 197 146  187 197 146  75 56 76  224 60 49  187 197 146  187 197 146  187 197 146  144 160 170  
144 160 170  187 197 146  187 197 146  75 56 76  240 100 140  224 60 49  187 197 146  187 197 146  144 160 170  
144 160 170  187 197 146  240 100 140  240 100 140  75 56 76  187 197 146  224 60 49  187 197 146  144 160 170  
144 160 170  240 100 140  240 100 140  187 197 146  75 56 76  187 197 146  187 197 146  224 60 49  144 160 170  
144 160 170  240 100 140  187 197 146  187 197 146  75 56 76  187 197 146  224 60 49  224 60 49  144 160 170  
144 160 170  240 100 140  187 197 146  187 197 146  75 56 76  187 197 146  224 60 49  187 197 146  144 160 170  
144 160 170  187 197 146  240 100 140  75 56 76  187 197 146  224 60 49  224 60 49  187 197 146  144 160 170  
144 160 170  187 197 146  75 56 76  240 100 140  224 60 49  187 197 146  187 197 146  187 197 146  144 160 170  
144 160 170  187 197 146  75 56 76  187 197 146  224 60 49  240 100 140  187 197 146  187 197 146  144 160 170  
144 160 170  187 197 146  75 56 76  224 60 49  187 197 146  187 197 146  240 100 140  187 197 146  144 160 170  
144 160 170  187 197 146  224 60 49  75 56 76  75 56 76  187 197 146  240 100 140  187 197 146  144 160 170  
144 160 170  224 60 49  224 60 49  187 197 146  75 56 76  187 197 146  240 100 140  187 197 146  144 160 170  
144 160 170  224 60 49  187 197 146  187 197 146  75 56 76  75 56 76  240 100 140  187 197 146  144 160 170  
144 160 170  187 197 146  224 60 49  187 197 146  240 100 140  187 197 146  75 56 76  187 197 146  144 160 170  
144 160 170  187 197 146  224 60 49  240 100 140  187 197 146  187 197 146  187 197 146  75 56 76  144 160 170  
144 160 170  187 197 146  240 100 140  224 60 49  224 60 49  187 197 146  187 197 146  75 56 76  144 160 170  
144 160 170  187 197 146  240 100 140  187 197 146  187 197 146  224 60 49  187 197 146  75 56 76  144 160 170  
144 160 170  187 197 146  240 100 140  187 197 146  187 197 146  224 60 49  75 56 76  187 197 146  144 160 170  
144 160 170  240 100 140  187 197 146  187 197 146  187 197 146  75 56 76  75 56 76  187 197 146  144 160 170  
144 160 170  240 100 140  187 197 146  187 197 146  75 56 76  75 56 76  224 60 49  224 60 49  144 160 170  
144 160 170  240 100 140  187 197 146  187 197 146  75 56 76  187 197 146  187 197 146  224 60 49  144 160 170  
144 160 170  240 100 140  187 197 146  187 197 146  75 56 76  187 197 146  187 197 146  224 60 49  144 160 170  
144 160 170  144 160 170  144 160 170  144 160 170  144 160 170  144 160 170  144 160 170  144 160 170  144 160 170  
