182 165 79  131 114 28  
182 165 79  129 112 26  129 112 26  
183 166 80  129 112 26  115 98 12  129 112 26  182 165 79  131 114 28  
131 114 28  131 114 28  115 98 12  131 114 28  131 114 28  131 114 28  
131 114 28  131 114 28  115 98 12  115 98 12  129 112 26  129 112 26  129 112 26  129 112 26  129 112 26  129 112 26  131 114 28  129 112 26  
131 114 28  115 98 12  115 98 12  115 98 12  129 112 26  129 112 26  129 112 26  129 112 26  129 112 26  129 112 26  129 112 26  115 98 12  
131 114 28  115 98 12  115 98 12  115 98 12  115 98 12  115 98 12  115 98 12  115 98 12  115 98 12  115 98 12  115 98 12  115 98 12  
131 114 28  115 98 12  115 98 12  115 98 12  129 112 26  115 98 12  115 98 12  115 98 12  115 98 12  115 98 12  115 98 12  78 61 0  
115 98 12  115 98 12  115 98 12  78 61 0  115 98 12  78 61 0  
115 98 12  115 98 12  78 61 0  70 53 0  78 61 0  70 53 0  
115 98 12  115 98 12  70 53 0  
115 98 12  115 98 12  
