172 44 152  172 44 152  172 44 152  172 44 152  172 44 152  172 44 152  172 44 152  175 74 97  175 74 97  175 74 97  121 20 70  172 44 152  149 35 133  172 44 152  175 74 97  172 44 152  
172 44 152  172 44 152  172 44 152  172 44 152  172 44 152  172 44 152  172 44 152  172 44 152  175 74 97  175 74 97  121 20 70  149 35 133  172 44 152  172 44 152  175 74 97  175 74 97  
172 44 152  172 44 152  172 44 152  172 44 152  172 44 152  172 44 152  172 44 152  172 44 152  175 74 97  121 20 70  149 35 133  172 44 152  172 44 152  175 74 97  121 20 70  172 44 152  
172 44 152  172 44 152  149 35 133  172 44 152  149 35 133  172 44 152  149 35 133  172 44 152  175 74 97  121 20 70  172 44 152  172 44 152  172 44 152  175 74 97  121 20 70  149 35 133  
175 74 97  149 35 133  175 74 97  175 74 97  175 74 97  175 74 97  175 74 97  121 20 70  175 74 97  121 20 70  121 20 70  172 44 152  175 74 97  175 74 97  121 20 70  172 44 152  
175 74 97  175 74 97  175 74 97  121 20 70  172 44 152  172 44 152  149 35 133  175 74 97  175 74 97  175 74 97  175 74 97  175 74 97  175 74 97  175 74 97  172 44 152  172 44 152  
175 74 97  149 35 133  172 44 152  149 35 133  149 35 133  172 44 152  172 44 152  175 74 97  175 74 97  175 74 97  121 20 70  121 20 70  121 20 70  149 35 133  172 44 152  172 44 152  
172 44 152  172 44 152  172 44 152  172 44 152  172 44 152  172 44 152  175 74 97  175 74 97  175 74 97  175 74 97  175 74 97  121 20 70  172 44 152  172 44 152  172 44 152  172 44 152  
172 44 152  172 44 152  172 44 152  172 44 152  172 44 152  172 44 152  175 74 97  175 74 97  175 74 97  175 74 97  175 74 97  121 20 70  149 35 133  175 74 97  175 74 97  172 44 152  
175 74 97  121 20 70  172 44 152  149 35 133  175 74 97  175 74 97  175 74 97  175 74 97  175 74 97  175 74 97  175 74 97  121 20 70  172 44 152  175 74 97  175 74 97  175 74 97  
172 44 152  175 74 97  175 74 97  175 74 97  175 74 97  175 74 97  175 74 97  175 74 97  175 74 97  175 74 97  175 74 97  121 20 70  175 74 97  175 74 97  121 20 70  175 74 97  
175 74 97  175 74 97  121 20 70  149 35 133  175 74 97  121 20 70  172 44 152  175 74 97  175 74 97  121 20 70  149 35 133  175 74 97  175 74 97  121 20 70  149 35 133  149 35 133  
175 74 97  172 44 152  172 44 152  172 44 152  175 74 97  121 20 70  149 35 133  175 74 97  175 74 97  121 20 70  172 44 152  172 44 152  172 44 152  172 44 152  172 44 152  172 44 152  
172 44 152  172 44 152  172 44 152  172 44 152  175 74 97  121 20 70  149 35 133  175 74 97  175 74 97  175 74 97  121 20 70  149 35 133  172 44 152  149 35 133  172 44 152  172 44 152  
172 44 152  172 44 152  172 44 152  175 74 97  175 74 97  121 20 70  149 35 133  149 35 133  172 44 152  175 74 97  121 20 70  172 44 152  149 35 133  149 35 133  172 44 152  172 44 152  
172 44 152  175 74 97  175 74 97  175 74 97  121 20 70  172 44 152  149 35 133  172 44 152  149 35 133  175 74 97  175 74 97  121 20 70  172 44 152  149 35 133  172 44 152  172 44 152  
175 74 97  175 74 97  175 74 97  175 74 97  172 44 152  172 44 152  172 44 152  172 44 152  172 44 152  172 44 152  175 74 97  175 74 97  172 44 152  172 44 152  172 44 152  172 44 152  
