40 222 223  40 222 223  40 222 223  40 222 223  40 222 223  40 222 223  40 222 223  40 222 223  40 222 223  40 222 223  40 222 223  
40 222 223  40 222 223  40 222 223  40 222 223  200 84 233  200 84 233  200 84 233  40 222 223  40 222 223  40 222 223  40 222 223  
40 222 223  40 222 223  40 222 223  200 84 233  200 84 233  200 84 233  200 84 233  200 84 233  40 222 223  40 222 223  40 222 223  
40 222 223  40 222 223  40 222 223  40 222 223  200 84 233  200 84 233  200 84 233  40 222 223  40 222 223  40 222 223  40 222 223  
40 222 223  40 222 223  40 222 223  200 84 233  200 84 233  200 84 233  200 84 233  200 84 233  200 84 233  40 222 223  40 222 223  
40 222 223  40 222 223  40 222 223  200 84 233  200 84 233  200 84 233  200 84 233  200 84 233  40 222 223  40 222 223  40 222 223  
40 222 223  40 222 223  40 222 223  200 84 233  200 84 233  200 84 233  200 84 233  200 84 233  40 222 223  40 222 223  40 222 223  
200 84 233  200 84 233  200 84 233  200 84 233  200 84 233  218 139 60  218 139 60  200 84 233  40 222 223  40 222 223  40 222 223  
200 84 233  200 84 233  200 84 233  200 84 233  200 84 233  218 139 60  218 139 60  200 84 233  200 84 233  40 222 223  40 222 223  
40 222 223  40 222 223  40 222 223  200 84 233  227 188 209  200 84 233  200 84 233  200 84 233  40 222 223  40 222 223  40 222 223  
40 222 223  40 222 223  40 222 223  200 84 233  200 84 233  200 84 233  200 84 233  40 222 223  40 222 223  40 222 223  40 222 223  
40 222 223  40 222 223  40 222 223  40 222 223  40 222 223  40 222 223  40 222 223  40 222 223  40 222 223  40 222 223  40 222 223  
