95 216 250  95 216 250  0 151 172  0 151 172  95 216 250  95 216 250  95 216 250  95 216 250  95 216 250  60 214 230  0 151 172  
95 216 250  0 151 172  60 214 230  60 214 230  0 151 172  95 216 250  95 216 250  95 216 250  95 216 250  60 214 230  0 151 172  
95 216 250  0 151 172  60 214 230  0 121 150  60 214 230  0 151 172  95 216 250  0 121 150  95 216 250  60 214 230  0 151 172  
0 151 172  0 151 172  60 214 230  0 121 150  60 214 230  0 151 172  95 216 250  0 121 150  60 214 230  0 151 172  60 214 230  
0 151 172  60 214 230  60 214 230  0 151 172  0 151 172  0 121 150  0 121 150  60 214 230  60 214 230  0 151 172  60 214 230  
60 214 230  0 151 172  60 214 230  0 121 150  0 121 150  0 121 150  0 151 172  60 214 230  0 151 172  60 214 230  95 216 250  
95 216 250  0 151 172  60 214 230  60 214 230  60 214 230  60 214 230  60 214 230  60 214 230  0 151 172  60 214 230  95 216 250  
95 216 250  60 214 230  0 151 172  0 151 172  0 151 172  60 214 230  0 151 172  0 151 172  60 214 230  95 216 250  95 216 250  
95 216 250  95 216 250  60 214 230  0 151 172  60 214 230  0 151 172  0 151 172  60 214 230  95 216 250  95 216 250  95 216 250  
95 216 250  95 216 250  95 216 250  60 214 230  60 214 230  60 214 230  95 216 250  95 216 250  95 216 250  95 216 250  95 216 250  
