122 167 181  122 167 181  122 167 181  
122 167 181  122 167 181  122 167 181  122 167 181  122 167 181  
122 167 181  122 167 181  122 167 181  122 167 181  122 167 181  
122 167 181  122 167 181  122 167 181  122 167 181  122 167 181  69 122 124  20 173 135  
122 167 181  122 167 181  69 122 124  69 122 124  69 122 124  
69 122 124  69 122 124  69 122 124  69 122 124  
69 122 124  69 122 124  69 122 124  69 122 124  69 122 124  
69 122 124  69 122 124  69 122 124  69 122 124  69 122 124  
69 122 124  69 122 124  69 122 124  69 122 124  69 122 124  20 173 135  
69 122 124  59 233 188  69 122 124  155 233 5  69 122 124  
69 122 124  69 122 124  69 122 124  69 122 124  
