110 110 110  110 110 110  37 37 37  186 186 186  186 186 186  186 186 186  37 37 37  110 110 110  110 110 110  
110 110 110  37 37 37  186 186 186  186 186 186  110 110 110  186 186 186  186 186 186  37 37 37  110 110 110  
37 37 37  186 186 186  186 186 186  186 186 186  110 110 110  186 186 186  186 186 186  186 186 186  37 37 37  
186 186 186  186 186 186  121 121 121  186 186 186  110 110 110  186 186 186  120 120 120  186 186 186  186 186 186  
186 186 186  186 186 186  121 121 121  186 186 186  110 110 110  186 186 186  120 120 120  186 186 186  186 186 186  
186 186 186  186 186 186  121 121 121  186 186 186  110 110 110  186 186 186  120 120 120  186 186 186  186 186 186  
186 186 186  186 186 186  121 121 121  186 186 186  110 110 110  186 186 186  120 120 120  186 186 186  186 186 186  
186 186 186  186 186 186  121 121 121  186 186 186  110 110 110  186 186 186  120 120 120  186 186 186  186 186 186  
186 186 186  186 186 186  121 121 121  186 186 186  110 110 110  186 186 186  120 120 120  186 186 186  186 186 186  
186 186 186  186 186 186  121 121 121  186 186 186  110 110 110  186 186 186  120 120 120  186 186 186  186 186 186  
186 186 186  186 186 186  121 121 121  186 186 186  110 110 110  186 186 186  120 120 120  186 186 186  186 186 186  
186 186 186  186 186 186  121 121 121  186 186 186  110 110 110  186 186 186  120 120 120  186 186 186  186 186 186  
186 186 186  186 186 186  121 121 121  186 186 186  110 110 110  186 186 186  120 120 120  186 186 186  186 186 186  
186 186 186  186 186 186  121 121 121  186 186 186  110 110 110  186 186 186  120 120 120  186 186 186  186 186 186  
186 186 186  186 186 186  121 121 121  186 186 186  110 110 110  186 186 186  120 120 120  186 186 186  186 186 186  
186 186 186  186 186 186  121 121 121  186 186 186  110 110 110  186 186 186  120 120 120  186 186 186  186 186 186  
186 186 186  186 186 186  121 121 121  186 186 186  110 110 110  186 186 186  120 120 120  186 186 186  186 186 186  
186 186 186  186 186 186  121 121 121  186 186 186  110 110 110  186 186 186  120 120 120  186 186 186  186 186 186  
186 186 186  186 186 186  121 121 121  186 186 186  110 110 110  186 186 186  120 120 120  186 186 186  186 186 186  
186 186 186  186 186 186  121 121 121  186 186 186  110 110 110  186 186 186  120 120 120  186 186 186  186 186 186  
186 186 186  186 186 186  121 121 121  186 186 186  110 110 110  186 186 186  120 120 120  186 186 186  186 186 186  
186 186 186  186 186 186  121 121 121  186 186 186  110 110 110  186 186 186  120 120 120  186 186 186  186 186 186  
37 37 37  186 186 186  186 186 186  186 186 186  110 110 110  186 186 186  186 186 186  186 186 186  37 37 37  
110 110 110  37 37 37  186 186 186  186 186 186  110 110 110  186 186 186  186 186 186  37 37 37  110 110 110  
110 110 110  110 110 110  37 37 37  186 186 186  186 186 186  186 186 186  37 37 37  110 110 110  110 110 110  
