129 0 0  129 0 0  129 0 0  6 0 0  6 0 0  6 0 0  129 0 0  62 0 0  129 0 0  129 0 0  62 0 0  62 0 0  118 32 32  118 32 32  118 32 32  118 32 32  
129 0 0  6 0 0  129 0 0  6 0 0  129 0 0  6 0 0  129 0 0  62 0 0  62 0 0  129 0 0  129 0 0  129 0 0  62 0 0  62 0 0  118 32 32  118 32 32  
99 0 0  129 0 0  62 0 0  99 0 0  129 0 0  129 0 0  6 0 0  6 0 0  62 0 0  62 0 0  62 0 0  62 0 0  62 0 0  118 32 32  118 32 32  118 32 32  
62 0 0  129 0 0  62 0 0  99 0 0  129 0 0  129 0 0  129 0 0  6 0 0  6 0 0  6 0 0  62 0 0  62 0 0  62 0 0  129 0 0  118 32 32  129 0 0  
62 0 0  62 0 0  129 0 0  62 0 0  129 0 0  129 0 0  129 0 0  129 0 0  129 0 0  6 0 0  6 0 0  62 0 0  62 0 0  129 0 0  118 32 32  62 0 0  
62 0 0  129 0 0  129 0 0  62 0 0  62 0 0  129 0 0  129 0 0  129 0 0  129 0 0  62 0 0  6 0 0  62 0 0  129 0 0  118 32 32  129 0 0  62 0 0  
86 0 0  99 0 0  62 0 0  86 0 0  129 0 0  62 0 0  129 0 0  129 0 0  129 0 0  62 0 0  129 0 0  6 0 0  6 0 0  129 0 0  118 32 32  129 0 0  
86 0 0  86 0 0  86 0 0  118 32 32  86 0 0  99 0 0  86 0 0  62 0 0  129 0 0  129 0 0  129 0 0  129 0 0  129 0 0  6 0 0  62 0 0  62 0 0  
118 32 32  118 32 32  118 32 32  86 0 0  84 0 0  118 32 32  86 0 0  62 0 0  129 0 0  129 0 0  129 0 0  129 0 0  129 0 0  6 0 0  6 0 0  62 0 0  
86 0 0  118 32 32  118 32 32  86 0 0  84 0 0  118 32 32  118 32 32  118 32 32  86 0 0  62 0 0  62 0 0  129 0 0  129 0 0  129 0 0  129 0 0  6 0 0  
86 0 0  118 32 32  118 32 32  118 32 32  118 32 32  118 32 32  84 0 0  84 0 0  129 0 0  86 0 0  129 0 0  129 0 0  62 0 0  129 0 0  129 0 0  6 0 0  
86 0 0  86 0 0  84 0 0  84 0 0  129 0 0  84 0 0  86 0 0  62 0 0  84 0 0  118 32 32  86 0 0  129 0 0  62 0 0  62 0 0  6 0 0  6 0 0  
129 0 0  129 0 0  129 0 0  129 0 0  84 0 0  86 0 0  62 0 0  84 0 0  84 0 0  84 0 0  84 0 0  118 32 32  6 0 0  6 0 0  6 0 0  118 32 32  
84 0 0  129 0 0  84 0 0  84 0 0  62 0 0  84 0 0  62 0 0  62 0 0  62 0 0  84 0 0  84 0 0  84 0 0  84 0 0  84 0 0  84 0 0  118 32 32  
