134 137 242  134 137 242  134 137 242  134 137 242  134 137 242  134 137 242  134 137 242  134 137 242  134 137 242  134 137 242  134 137 242  134 137 242  134 137 242  134 137 242  134 137 242  134 137 242  
134 137 242  134 137 242  134 137 242  134 137 242  134 137 242  134 137 242  134 137 242  134 137 242  134 137 242  134 137 242  134 137 242  134 137 242  134 137 242  134 137 242  134 137 242  134 137 242  
134 137 242  134 137 242  134 137 242  58 93 188  58 93 188  58 93 188  134 137 242  134 137 242  134 137 242  134 137 242  58 93 188  58 93 188  58 93 188  134 137 242  134 137 242  134 137 242  
134 137 242  134 137 242  134 137 242  58 93 188  57 116 234  58 93 188  134 137 242  134 137 242  134 137 242  134 137 242  58 93 188  57 116 234  58 93 188  134 137 242  134 137 242  134 137 242  
134 137 242  134 137 242  134 137 242  58 93 188  57 116 234  58 93 188  134 137 242  134 137 242  134 137 242  134 137 242  58 93 188  57 116 234  58 93 188  134 137 242  134 137 242  134 137 242  
134 137 242  134 137 242  134 137 242  58 93 188  17 205 168  58 93 188  134 137 242  134 137 242  134 137 242  134 137 242  58 93 188  17 205 168  58 93 188  134 137 242  134 137 242  134 137 242  
134 137 242  134 137 242  134 137 242  58 93 188  17 205 168  58 93 188  134 137 242  134 137 242  134 137 242  134 137 242  58 93 188  17 205 168  58 93 188  134 137 242  134 137 242  134 137 242  
134 137 242  134 137 242  134 137 242  58 93 188  124 163 66  58 93 188  134 137 242  204 225 199  204 225 199  134 137 242  58 93 188  124 163 66  58 93 188  134 137 242  134 137 242  134 137 242  
134 137 242  134 137 242  134 137 242  58 93 188  124 163 66  58 93 188  134 137 242  204 225 199  204 225 199  134 137 242  58 93 188  124 163 66  58 93 188  134 137 242  134 137 242  134 137 242  
134 137 242  134 137 242  134 137 242  58 93 188  17 205 168  58 93 188  134 137 242  134 137 242  134 137 242  134 137 242  58 93 188  17 205 168  58 93 188  134 137 242  134 137 242  134 137 242  
134 137 242  134 137 242  134 137 242  58 93 188  17 205 168  58 93 188  134 137 242  134 137 242  134 137 242  134 137 242  58 93 188  17 205 168  58 93 188  134 137 242  134 137 242  134 137 242  
134 137 242  134 137 242  134 137 242  58 93 188  57 116 234  58 93 188  134 137 242  134 137 242  134 137 242  134 137 242  58 93 188  57 116 234  58 93 188  134 137 242  134 137 242  134 137 242  
134 137 242  134 137 242  134 137 242  58 93 188  57 116 234  58 93 188  134 137 242  134 137 242  134 137 242  134 137 242  58 93 188  57 116 234  58 93 188  134 137 242  134 137 242  134 137 242  
134 137 242  134 137 242  134 137 242  58 93 188  58 93 188  58 93 188  134 137 242  134 137 242  134 137 242  134 137 242  58 93 188  58 93 188  58 93 188  134 137 242  134 137 242  134 137 242  
134 137 242  134 137 242  134 137 242  134 137 242  134 137 242  134 137 242  134 137 242  134 137 242  134 137 242  134 137 242  134 137 242  134 137 242  134 137 242  134 137 242  134 137 242  134 137 242  
134 137 242  134 137 242  134 137 242  134 137 242  134 137 242  134 137 242  134 137 242  134 137 242  134 137 242  134 137 242  134 137 242  134 137 242  134 137 242  134 137 242  134 137 242  134 137 242  
