244 220 191  244 220 191  244 220 191  244 220 191  240 150 90  244 220 191  244 220 191  244 220 191  240 150 90  240 150 90  244 220 191  255 134 66  240 150 90  255 134 66  240 150 90  240 150 90  240 150 90  
244 220 191  240 150 90  244 220 191  240 150 90  255 134 66  240 150 90  240 150 90  244 220 191  240 150 90  240 150 90  244 220 191  255 134 66  240 150 90  255 134 66  240 150 90  240 150 90  240 150 90  
244 220 191  244 220 191  244 220 191  240 150 90  255 134 66  240 150 90  240 150 90  244 220 191  240 150 90  240 150 90  240 150 90  255 134 66  240 150 90  240 150 90  240 150 90  240 150 90  240 150 90  
244 220 191  244 220 191  240 150 90  244 220 191  240 150 90  255 134 66  240 150 90  240 150 90  244 220 191  244 220 191  244 220 191  240 150 90  255 134 66  240 150 90  240 150 90  240 150 90  240 150 90  
244 220 191  244 220 191  244 220 191  244 220 191  240 150 90  255 134 66  240 150 90  240 150 90  240 150 90  240 150 90  244 220 191  240 150 90  255 134 66  240 150 90  240 150 90  240 150 90  240 150 90  
244 220 191  244 220 191  244 220 191  240 150 90  255 134 66  240 150 90  240 150 90  244 220 191  244 220 191  244 220 191  240 150 90  255 134 66  240 150 90  255 134 66  255 134 66  240 150 90  240 150 90  
244 220 191  244 220 191  244 220 191  240 150 90  240 150 90  244 220 191  240 150 90  244 220 191  240 150 90  240 150 90  240 150 90  255 134 66  240 150 90  255 134 66  255 134 66  240 150 90  240 150 90  
244 220 191  240 150 90  244 220 191  244 220 191  244 220 191  244 220 191  240 150 90  240 150 90  240 150 90  240 150 90  240 150 90  255 134 66  255 134 66  255 134 66  255 134 66  255 134 66  240 150 90  
244 220 191  244 220 191  244 220 191  244 220 191  240 150 90  244 220 191  240 150 90  244 220 191  244 220 191  244 220 191  240 150 90  255 134 66  255 134 66  240 150 90  255 134 66  255 134 66  240 150 90  
244 220 191  244 220 191  240 150 90  240 150 90  240 150 90  240 150 90  244 220 191  240 150 90  240 150 90  240 150 90  244 220 191  255 134 66  255 134 66  240 150 90  255 134 66  255 134 66  240 150 90  
244 220 191  244 220 191  240 150 90  244 220 191  244 220 191  244 220 191  244 220 191  240 150 90  240 150 90  244 220 191  244 220 191  255 134 66  240 150 90  240 150 90  255 134 66  255 134 66  240 150 90  
244 220 191  244 220 191  244 220 191  244 220 191  244 220 191  244 220 191  240 150 90  244 220 191  244 220 191  240 150 90  240 150 90  240 150 90  255 134 66  240 150 90  255 134 66  255 134 66  240 150 90  
244 220 191  244 220 191  240 150 90  244 220 191  255 134 66  255 134 66  240 150 90  244 220 191  240 150 90  240 150 90  244 220 191  240 150 90  255 134 66  240 150 90  255 134 66  255 134 66  240 150 90  
244 220 191  244 220 191  244 220 191  240 150 90  255 134 66  255 134 66  240 150 90  240 150 90  240 150 90  240 150 90  240 150 90  255 134 66  255 134 66  255 134 66  255 134 66  240 150 90  240 150 90  
244 220 191  240 150 90  244 220 191  244 220 191  255 134 66  240 150 90  244 220 191  244 220 191  240 150 90  240 150 90  240 150 90  240 150 90  240 150 90  255 134 66  240 150 90  240 150 90  240 150 90  
244 220 191  244 220 191  244 220 191  244 220 191  255 134 66  244 220 191  244 220 191  244 220 191  240 150 90  240 150 90  240 150 90  255 134 66  255 134 66  255 134 66  240 150 90  240 150 90  240 150 90  
