62 166 166  62 166 166  62 166 166  62 166 166  62 166 166  62 166 166  62 166 166  62 166 166  62 166 166  62 166 166  62 166 166  62 166 166  62 166 166  62 166 166  62 166 166  
62 166 166  62 166 166  62 166 166  62 166 166  62 166 166  62 166 166  62 166 166  62 166 166  62 166 166  62 166 166  112 216 216  112 216 216  112 216 216  62 166 166  62 166 166  
62 166 166  62 166 166  62 166 166  62 166 166  62 166 166  62 166 166  62 166 166  62 166 166  112 216 216  112 216 216  112 216 216  112 216 216  112 216 216  62 166 166  62 166 166  
62 166 166  62 166 166  62 166 166  62 166 166  62 166 166  62 166 166  62 166 166  62 166 166  112 216 216  112 216 216  112 216 216  179 255 255  179 255 255  179 255 255  62 166 166  
62 166 166  62 166 166  62 166 166  62 166 166  62 166 166  112 216 216  112 216 216  112 216 216  112 216 216  179 255 255  179 255 255  255 255 255  255 255 255  255 255 255  62 166 166  
62 166 166  62 166 166  62 166 166  62 166 166  62 166 166  112 216 216  112 216 216  112 216 216  179 255 255  255 255 255  255 255 255  223 255 255  118 222 222  255 255 255  62 166 166  
62 166 166  62 166 166  112 216 216  112 216 216  112 216 216  112 216 216  112 216 216  179 255 255  255 255 255  223 255 255  223 255 255  118 222 222  223 255 255  255 255 255  62 166 166  
62 166 166  62 166 166  112 216 216  112 216 216  112 216 216  112 216 216  179 255 255  255 255 255  223 255 255  223 255 255  118 222 222  118 222 222  223 255 255  255 255 255  62 166 166  
62 166 166  62 166 166  112 216 216  112 216 216  112 216 216  179 255 255  255 255 255  255 255 255  223 255 255  118 222 222  223 255 255  118 222 222  118 222 222  255 255 255  62 166 166  
62 166 166  62 166 166  62 166 166  112 216 216  112 216 216  179 255 255  255 255 255  223 255 255  118 222 222  118 222 222  118 222 222  223 255 255  118 222 222  255 255 255  62 166 166  
62 166 166  62 166 166  62 166 166  112 216 216  179 255 255  255 255 255  223 255 255  223 255 255  118 222 222  118 222 222  118 222 222  223 255 255  223 255 255  255 255 255  62 166 166  
62 166 166  112 216 216  112 216 216  179 255 255  255 255 255  118 222 222  223 255 255  223 255 255  223 255 255  223 255 255  223 255 255  223 255 255  223 255 255  255 255 255  62 166 166  
62 166 166  112 216 216  112 216 216  179 255 255  118 222 222  118 222 222  223 255 255  223 255 255  118 222 222  118 222 222  223 255 255  223 255 255  223 255 255  255 255 255  62 166 166  
62 166 166  62 166 166  112 216 216  179 255 255  255 255 255  118 222 222  223 255 255  118 222 222  118 222 222  118 222 222  118 222 222  223 255 255  223 255 255  255 255 255  62 166 166  
62 166 166  112 216 216  112 216 216  179 255 255  255 255 255  223 255 255  223 255 255  118 222 222  118 222 222  118 222 222  118 222 222  223 255 255  223 255 255  255 255 255  62 166 166  
62 166 166  112 216 216  112 216 216  179 255 255  118 222 222  118 222 222  215 255 255  118 222 222  118 222 222  118 222 222  223 255 255  223 255 255  223 255 255  255 255 255  62 166 166  
62 166 166  112 216 216  112 216 216  179 255 255  118 222 222  118 222 222  215 255 255  215 255 255  215 255 255  215 255 255  215 255 255  215 255 255  215 255 255  255 255 255  62 166 166  
62 166 166  62 166 166  112 216 216  179 255 255  118 222 222  223 255 255  223 255 255  215 255 255  215 255 255  215 255 255  215 255 255  215 255 255  215 255 255  255 255 255  62 166 166  
62 166 166  62 166 166  62 166 166  179 255 255  255 255 255  112 216 216  112 216 216  112 216 216  112 216 216  112 216 216  112 216 216  112 216 216  112 216 216  255 255 255  62 166 166  
62 166 166  62 166 166  62 166 166  62 166 166  62 166 166  255 255 255  255 255 255  255 255 255  255 255 255  255 255 255  255 255 255  255 255 255  255 255 255  255 255 255  62 166 166  
62 166 166  62 166 166  62 166 166  62 166 166  62 166 166  255 255 255  255 255 255  255 255 255  255 255 255  255 255 255  255 255 255  255 255 255  255 255 255  255 255 255  62 166 166  
62 166 166  62 166 166  62 166 166  62 166 166  62 166 166  255 255 255  255 255 255  255 255 255  255 255 255  255 255 255  255 255 255  118 222 222  118 222 222  255 255 255  62 166 166  
62 166 166  62 166 166  62 166 166  62 166 166  62 166 166  62 166 166  255 255 255  255 255 255  255 255 255  255 255 255  255 255 255  118 222 222  118 222 222  255 255 255  62 166 166  
62 166 166  62 166 166  62 166 166  62 166 166  62 166 166  62 166 166  62 166 166  255 255 255  255 255 255  255 255 255  255 255 255  255 255 255  255 255 255  255 255 255  62 166 166  
62 166 166  62 166 166  62 166 166  62 166 166  62 166 166  62 166 166  62 166 166  62 166 166  62 166 166  255 255 255  255 255 255  255 255 255  255 255 255  62 166 166  62 166 166  
62 166 166  62 166 166  62 166 166  62 166 166  62 166 166  62 166 166  62 166 166  62 166 166  62 166 166  255 255 255  255 255 255  255 255 255  255 255 255  62 166 166  62 166 166  
62 166 166  62 166 166  62 166 166  62 166 166  62 166 166  62 166 166  62 166 166  62 166 166  62 166 166  62 166 166  62 166 166  62 166 166  62 166 166  62 166 166  62 166 166  
